1.000000000 -0.000332302 -0.000092106 0.000174137 0.000332278 0.999999881 -0.000265563 0.000200990 0.000092194 0.000265532 0.999999881 -0.000058526
1.000000119 0.000073969 -0.000010145 -0.000048078 -0.000073970 1.000000000 -0.000088417 0.000483866 0.000010138 0.000088418 0.999999940 0.001000590
1.000000000 -0.000161317 -0.000133609 0.000406224 0.000161304 1.000000000 -0.000102365 0.000352578 0.000133625 0.000102343 1.000000000 -0.000791858
1.000000000 0.000218411 0.000048631 -0.000470004 -0.000218402 0.999999940 -0.000195844 0.000490614 -0.000048674 0.000195833 1.000000000 0.000549305
0.999999940 0.000289060 0.000023523 -0.000318957 -0.000289056 0.999999940 -0.000188603 0.000892593 -0.000023578 0.000188596 1.000000000 0.000259066
0.999999940 0.000261384 0.000035928 -0.000416053 -0.000261372 0.999999940 -0.000316696 0.001606222 -0.000036011 0.000316686 0.999999940 0.001013118
1.000000000 0.000136472 -0.000061873 0.000318057 -0.000136478 1.000000000 -0.000098433 0.000988434 0.000061859 0.000098442 1.000000000 0.000613270
1.000000000 -0.000048407 -0.000106781 0.000675815 0.000048383 1.000000000 -0.000222738 0.001258043 0.000106792 0.000222733 0.999999940 -0.000216366
1.000000000 0.000141751 -0.000125181 0.000678482 -0.000141771 1.000000000 -0.000161256 0.000857494 0.000125158 0.000161274 1.000000000 0.000081289
1.000000000 0.000004062 -0.000094654 0.000449221 -0.000004076 1.000000000 -0.000152482 0.000700266 0.000094653 0.000152483 1.000000000 0.000476600
1.000000000 0.000139371 -0.000021756 0.000165654 -0.000139372 1.000000000 -0.000054988 0.000733858 0.000021749 0.000054991 1.000000000 -0.000076054
1.000000000 0.000085401 -0.000077055 0.000187252 -0.000085400 1.000000000 0.000020700 0.000515556 0.000077057 -0.000020693 1.000000000 0.000211951
1.000000000 -0.000059823 -0.000049081 -0.000066452 0.000059815 1.000000000 -0.000161265 0.001017756 0.000049091 0.000161262 1.000000000 0.000599928
1.000000000 0.000121390 -0.000046977 -0.000129751 -0.000121397 1.000000000 -0.000149201 0.000731613 0.000046959 0.000149207 1.000000000 -0.000059789
1.000000000 -0.000024765 -0.000052085 0.000179624 0.000024759 1.000000000 -0.000114560 0.000886251 0.000052088 0.000114559 1.000000000 0.000053449
1.000000000 0.000010683 -0.000038500 -0.000001370 -0.000010690 1.000000000 -0.000182060 0.001267718 0.000038498 0.000182060 1.000000000 0.000764570
1.000000000 0.000006369 -0.000076993 0.000239266 -0.000006382 1.000000000 -0.000170968 0.000982333 0.000076992 0.000170969 1.000000000 0.000474497
1.000000000 0.000094374 -0.000074110 0.000162074 -0.000094391 1.000000000 -0.000221955 0.001014719 0.000074089 0.000221962 1.000000000 0.000811208
1.000000000 0.000174280 0.000009781 -0.000160790 -0.000174277 0.999999940 -0.000301245 0.001235342 -0.000009834 0.000301244 0.999999940 0.000670403
1.000000000 0.000212398 0.000012410 -0.000319096 -0.000212395 0.999999940 -0.000212486 0.001173426 -0.000012456 0.000212483 1.000000000 0.000723324
1.000000000 0.000141749 0.000057420 0.000024453 -0.000141743 1.000000000 -0.000110907 0.001093273 -0.000057436 0.000110898 1.000000000 0.001134642
1.000000000 0.000113148 0.000006969 -0.000368075 -0.000113148 1.000000000 -0.000011153 0.000162436 -0.000006970 0.000011153 1.000000000 -0.000536048
1.000000000 0.000056577 0.000049941 -0.000344348 -0.000056572 1.000000000 -0.000095828 0.000363220 -0.000049946 0.000095825 1.000000000 -0.000406261
1.000000000 0.000091295 -0.000045916 0.000261496 -0.000091302 1.000000000 -0.000148238 0.000690555 0.000045903 0.000148243 1.000000000 -0.000038509
1.000000000 0.000058966 0.000015348 0.000241646 -0.000058962 0.999999940 -0.000265791 0.000813152 -0.000015364 0.000265790 0.999999940 -0.000336030
1.000000000 0.000101804 -0.000052705 0.000503089 -0.000101811 1.000000000 -0.000144032 0.000583355 0.000052690 0.000144037 1.000000000 -0.000139853
1.000000000 0.000109758 -0.000059934 0.000357102 -0.000109762 1.000000000 -0.000080481 0.000511051 0.000059925 0.000080487 1.000000000 -0.000256700
1.000000000 0.000184425 -0.000048400 0.000493843 -0.000184430 1.000000000 -0.000108133 0.000430183 0.000048380 0.000108142 1.000000000 0.000392861
1.000000000 0.000018926 -0.000070835 0.000257962 -0.000018938 1.000000000 -0.000176373 0.000674118 0.000070831 0.000176375 1.000000000 0.000669404
1.000000000 -0.000034280 -0.000056073 0.000254697 0.000034270 1.000000000 -0.000163034 0.000689974 0.000056079 0.000163032 1.000000000 0.000212641
1.000000000 -0.000041857 0.000001349 0.000075971 0.000041857 1.000000000 -0.000029996 0.000205822 -0.000001348 0.000029996 1.000000000 -0.000767655
1.000000000 0.000185598 -0.000093155 0.000110496 -0.000185611 1.000000000 -0.000136536 0.000569997 0.000093129 0.000136554 1.000000000 -0.000970197
1.000000000 0.000202313 0.000026105 0.000073354 -0.000202309 0.999999940 -0.000172564 0.000508302 -0.000026140 0.000172558 1.000000000 -0.000576387
1.000000000 0.000176845 -0.000012887 0.000003104 -0.000176846 1.000000000 -0.000073589 0.000203698 0.000012873 0.000073591 1.000000000 -0.000571585
1.000000000 -0.000032473 -0.000056250 0.000245679 0.000032460 1.000000000 -0.000232567 0.001150961 0.000056257 0.000232565 1.000000000 0.000829730
1.000000000 -0.000027369 -0.000075831 0.000303639 0.000027354 1.000000000 -0.000195662 0.000691528 0.000075836 0.000195660 1.000000000 0.000212986
1.000000000 0.000125779 -0.000115277 0.000376651 -0.000125801 1.000000000 -0.000197982 0.000814152 0.000115252 0.000197997 1.000000000 0.000397251
1.000000000 0.000031716 -0.000054591 0.000413298 -0.000031726 1.000000000 -0.000195412 0.000720903 0.000054585 0.000195414 1.000000000 -0.000458703
1.000000000 -0.000040554 -0.000121599 0.000363942 0.000040539 1.000000000 -0.000130878 0.000649864 0.000121604 0.000130873 1.000000000 -0.000498849
1.000000000 0.000147422 -0.000047472 0.000368517 -0.000147432 1.000000000 -0.000190068 0.000715257 0.000047444 0.000190075 1.000000000 -0.000197579
1.000000000 0.000025827 -0.000056463 0.000241722 -0.000025835 1.000000000 -0.000142941 0.000538208 0.000056459 0.000142942 1.000000000 -0.000064654
1.000000000 0.000099455 -0.000028325 0.000007098 -0.000099459 1.000000000 -0.000129757 0.000536871 0.000028312 0.000129760 1.000000000 0.000822131
1.000000000 0.000040220 0.000001780 -0.000052203 -0.000040220 1.000000000 -0.000125956 0.000622371 -0.000001785 0.000125956 1.000000000 0.000134146
1.000000000 0.000020301 -0.000043566 -0.000019568 -0.000020301 1.000000000 -0.000014222 -0.000069196 0.000043566 0.000014223 1.000000000 0.000164375
1.000000000 0.000079360 0.000056839 -0.000702049 -0.000079354 1.000000000 -0.000091748 0.000873250 -0.000056847 0.000091744 1.000000000 0.000387137
1.000000000 0.000126952 -0.000042588 0.000424946 -0.000126958 1.000000000 -0.000140667 0.001170801 0.000042570 0.000140673 1.000000000 0.000637220
1.000000000 0.000233921 -0.000015765 0.000041724 -0.000233924 0.999999940 -0.000192301 0.001074466 0.000015720 0.000192305 1.000000000 0.000394594
1.000000000 -0.000024385 0.000004389 0.000019137 0.000024386 0.999999940 -0.000281436 0.001227723 -0.000004382 0.000281436 0.999999940 0.000078322
1.000000000 0.000166396 -0.000165531 0.000326133 -0.000166423 1.000000000 -0.000158222 0.000916834 0.000165505 0.000158250 1.000000000 0.000453723
1.000000000 0.000087973 -0.000069689 0.000258243 -0.000087985 1.000000000 -0.000174765 0.000939663 0.000069674 0.000174771 1.000000000 0.000776388
1.000000000 0.000081608 -0.000047403 0.000074250 -0.000081615 1.000000000 -0.000163496 0.000884083 0.000047390 0.000163500 1.000000000 0.000873613
1.000000000 -0.000022952 -0.000021014 0.000199186 0.000022949 1.000000000 -0.000152652 0.000822794 0.000021018 0.000152652 1.000000000 0.000226126
0.999999940 0.000239202 -0.000119331 0.000065175 -0.000239221 0.999999940 -0.000157423 0.000914002 0.000119293 0.000157451 1.000000000 0.000313412
1.000000000 0.000141196 0.000002364 0.000093857 -0.000141196 1.000000000 -0.000081900 0.000494976 -0.000002376 0.000081900 1.000000000 0.000130999
1.000000000 0.000094958 -0.000021987 -0.000076732 -0.000094963 0.999999940 -0.000242478 0.000841565 0.000021964 0.000242480 1.000000000 -0.000073748
1.000000000 0.000143830 0.000008790 0.000077026 -0.000143828 0.999999940 -0.000244959 0.000914767 -0.000008825 0.000244958 0.999999940 0.000505374
1.000000000 0.000024234 -0.000053538 0.000009298 -0.000024245 1.000000000 -0.000205537 0.000780954 0.000053533 0.000205538 1.000000000 0.000237905
0.999999940 0.000253987 0.000049966 0.000224674 -0.000253976 0.999999940 -0.000218506 0.000879672 -0.000050021 0.000218493 1.000000000 -0.000130128
1.000000000 0.000015874 -0.000103953 0.000347457 -0.000015902 0.999999940 -0.000269872 0.001596794 0.000103948 0.000269874 0.999999940 0.001183975
1.000000000 0.000050786 -0.000046946 -0.000024596 -0.000050795 1.000000000 -0.000192355 0.000987649 0.000046936 0.000192358 1.000000000 0.000098575
1.000000000 -0.000034810 -0.000051912 0.000444919 0.000034797 1.000000000 -0.000238969 0.001201134 0.000051920 0.000238967 0.999999940 0.000000644
1.000000000 0.000015235 -0.000075725 0.000344613 -0.000015254 0.999999940 -0.000246373 0.001311259 0.000075721 0.000246374 0.999999940 0.000496105
1.000000000 -0.000035119 -0.000104556 0.000329964 0.000035096 1.000000000 -0.000225659 0.000791167 0.000104564 0.000225656 0.999999940 -0.000486304
1.000000000 0.000005780 -0.000042807 0.000165592 -0.000005789 1.000000000 -0.000225198 0.000790812 0.000042806 0.000225198 1.000000000 -0.000824529
1.000000000 0.000074098 -0.000011802 0.000152071 -0.000074099 1.000000000 -0.000080291 0.000489583 0.000011796 0.000080292 1.000000000 -0.000190027
1.000000000 -0.000043750 -0.000143864 0.000253793 0.000043735 1.000000000 -0.000102209 0.000475572 0.000143868 0.000102203 1.000000000 -0.000431036
1.000000000 0.000135716 -0.000024263 -0.000001615 -0.000135720 1.000000000 -0.000194050 0.000807505 0.000024237 0.000194053 1.000000000 -0.000300297
1.000000000 0.000093030 0.000018774 -0.000208989 -0.000093026 1.000000000 -0.000210990 0.001082908 -0.000018794 0.000210988 1.000000000 0.000469083
1.000000000 0.000178024 -0.000019007 0.000290201 -0.000178027 0.999999940 -0.000183127 0.000975729 0.000018975 0.000183131 1.000000000 -0.000069364
1.000000000 0.000094599 0.000007815 0.000126590 -0.000094597 1.000000000 -0.000182051 0.000349626 -0.000007832 0.000182050 1.000000000 -0.001675417
0.999999940 0.000266128 0.000040414 -0.000151041 -0.000266126 0.999999940 -0.000068570 0.000242797 -0.000040433 0.000068559 1.000000000 -0.000269461
1.000000000 0.000222804 0.000022721 -0.000080711 -0.000222801 0.999999940 -0.000142231 0.000478226 -0.000022752 0.000142226 1.000000000 -0.000570559
1.000000000 0.000136770 -0.000031633 0.000203180 -0.000136776 0.999999940 -0.000208953 0.001003059 0.000031604 0.000208957 1.000000000 0.000941287
1.000000000 0.000108094 -0.000100578 0.000456208 -0.000108124 0.999999940 -0.000291883 0.001403075 0.000100547 0.000291894 0.999999940 0.000522007
1.000000000 0.000046635 -0.000111458 0.000065634 -0.000046667 0.999999940 -0.000292782 0.001335319 0.000111444 0.000292788 0.999999940 0.000162028
1.000000000 0.000217201 -0.000042821 0.000096128 -0.000217209 0.999999940 -0.000189042 0.001096423 0.000042780 0.000189051 1.000000000 0.000461959
1.000000000 0.000106663 0.000026914 -0.000325293 -0.000106656 0.999999940 -0.000248270 0.001178101 -0.000026941 0.000248267 0.999999940 0.000500686
1.000000000 0.000160717 0.000033689 -0.000121545 -0.000160713 1.000000000 -0.000097700 0.000860001 -0.000033705 0.000097695 1.000000000 0.000144267
1.000000000 0.000048562 -0.000088330 -0.000080151 -0.000048572 1.000000000 -0.000110256 0.000532628 0.000088325 0.000110260 1.000000000 0.000343845
0.999999940 0.000357323 0.000114562 -0.000649003 -0.000357310 0.999999940 -0.000120931 0.000207845 -0.000114606 0.000120890 1.000000000 0.000196044
1.000000000 0.000231004 -0.000030405 -0.000065186 -0.000231009 0.999999940 -0.000177743 0.001311766 0.000030364 0.000177750 1.000000000 0.000363790
1.000000000 0.000115642 -0.000026448 0.000050402 -0.000115648 1.000000000 -0.000194018 0.001089652 0.000026426 0.000194021 1.000000000 0.000174635
1.000000000 0.000067872 -0.000113637 0.000405598 -0.000067883 1.000000000 -0.000100043 -0.000022069 0.000113630 0.000100051 1.000000000 -0.001095991
1.000000000 0.000062285 -0.000029527 0.000312207 -0.000062289 1.000000000 -0.000139820 0.000138856 0.000029518 0.000139822 1.000000000 -0.000696391
1.000000000 0.000123711 0.000058582 0.000207220 -0.000123703 1.000000000 -0.000146006 0.000329679 -0.000058600 0.000145998 1.000000000 -0.000494865
1.000000000 0.000000848 -0.000051735 0.000288238 -0.000000857 1.000000000 -0.000180406 0.001332900 0.000051735 0.000180406 1.000000000 0.000569729
1.000000000 -0.000132525 -0.000073456 0.000474195 0.000132517 1.000000000 -0.000109875 0.000357461 0.000073471 0.000109865 1.000000000 -0.000962874
1.000000000 0.000127168 -0.000021030 0.000100014 -0.000127170 1.000000000 -0.000087608 0.000478606 0.000021018 0.000087610 1.000000000 -0.000673349
0.999999940 0.000374643 -0.000108728 0.000068707 -0.000374652 0.999999940 -0.000078748 0.000569135 0.000108699 0.000078789 1.000000000 -0.000029524
1.000000000 0.000201697 0.000011144 -0.000005232 -0.000201697 1.000000000 -0.000029481 0.000527037 -0.000011150 0.000029479 1.000000000 0.000213002
1.000000000 0.000097973 -0.000007312 -0.000302126 -0.000097973 1.000000000 -0.000014920 0.000627263 0.000007310 0.000014921 1.000000000 0.000580276
1.000000000 0.000159988 -0.000025350 -0.000068747 -0.000159990 1.000000000 -0.000080652 0.000514342 0.000025337 0.000080656 1.000000000 -0.000350080
0.999999940 0.000292743 0.000070377 -0.000656108 -0.000292730 0.999999940 -0.000190567 0.001501877 -0.000070433 0.000190547 1.000000000 0.001392548
1.000000000 0.000095497 0.000014471 0.000179954 -0.000095494 0.999999940 -0.000234080 0.001696407 -0.000014493 0.000234078 1.000000000 0.001046038
1.000000000 0.000151003 0.000044877 -0.000191401 -0.000150996 1.000000000 -0.000141096 0.001208525 -0.000044898 0.000141089 1.000000000 0.000876496
1.000000000 0.000031805 0.000015421 -0.000020503 -0.000031802 1.000000000 -0.000187930 0.001130209 -0.000015427 0.000187930 1.000000000 0.000110496
0.999999940 0.000259921 0.000071366 -0.000338120 -0.000259913 0.999999940 -0.000113150 0.000764165 -0.000071395 0.000113131 1.000000000 0.000925238
0.999999940 0.000256715 -0.000131107 0.000126655 -0.000256728 0.999999940 -0.000097900 0.001073815 0.000131082 0.000097934 1.000000000 0.000417523
0.999999821 0.000597997 -0.000104822 -0.000182770 -0.000597872 0.999999106 0.001183036 0.000570365 0.000105530 -0.001182974 0.999999285 -0.000752856
0.999992788 0.003677794 0.000951959 0.000451243 -0.003676263 0.999991953 -0.001605236 -0.004988424 -0.000957855 0.001601725 0.999998271 0.002048763
0.999990821 0.003902619 0.001773125 -0.000672089 -0.003879762 0.999911606 -0.012716404 -0.037379678 -0.001822596 0.012709408 0.999917567 0.000065618
0.999980867 0.005708826 0.002405772 -0.000645156 -0.005672866 0.999875903 -0.014698087 -0.089918733 -0.002489383 0.014684157 0.999889016 -0.004021611
0.999952853 0.009351576 0.002633336 -0.001757562 -0.009312133 0.999849856 -0.014611692 -0.146876425 -0.002769583 0.014586479 0.999889731 -0.006858502
0.999939680 0.010700379 0.002496337 -0.001317465 -0.010656076 0.999796510 -0.017131632 -0.194409221 -0.002679144 0.017103992 0.999850094 -0.007039877
0.999949455 0.009811056 0.002234569 -0.003507051 -0.009749800 0.999615788 -0.025947144 -0.359107941 -0.002488279 0.025924046 0.999660730 -0.009867538
0.999949336 0.009938405 0.001572272 -0.005172010 -0.009880765 0.999400377 -0.033186380 -0.493328989 -0.001901150 0.033169150 0.999447942 -0.014210601
0.999949157 0.010037505 0.001090951 -0.009668370 -0.009989305 0.999240518 -0.037664011 -0.584072113 -0.001468172 0.037651166 0.999289930 -0.020028248
0.999954402 0.009531731 0.000548730 -0.012388247 -0.009494487 0.998806238 -0.047915593 -0.788379729 -0.001004798 0.047908187 0.998851180 -0.037306994
0.999860942 0.016675120 -0.000155458 -0.014992008 -0.016660895 0.998527110 -0.051634617 -1.003215551 -0.000705784 0.051630050 0.998666048 -0.056862898
0.999800205 0.019987661 -0.000160722 -0.014919464 -0.019969057 0.998451829 -0.051913142 -1.105649114 -0.000877149 0.051905960 0.998651564 -0.064964980
0.999694586 0.024705194 -0.000317153 -0.014951800 -0.024686877 0.998267591 -0.053407460 -1.241476774 -0.001002837 0.053398974 0.998572767 -0.078362927
0.999571919 0.029257126 0.000147563 -0.023823427 -0.029203294 0.998014092 -0.055813320 -1.421490073 -0.001780210 0.055785112 0.998441219 -0.092742607
0.999199450 0.040001661 0.000389850 -0.031776357 -0.039898526 0.997234344 -0.062704399 -1.600519300 -0.002897053 0.062638648 0.998032093 -0.123615235
0.999368906 0.035513699 -0.000765143 -0.040600523 -0.035479095 0.996874094 -0.070592940 -1.801358938 -0.001744268 0.070575535 0.997504890 -0.167341381
0.999471545 0.032499123 -0.000668900 -0.059188887 -0.032460552 0.996774614 -0.073395103 -1.919668198 -0.001718534 0.073378004 0.997302711 -0.190588474
0.999299288 0.037416350 -0.000949439 -0.081569187 -0.037388626 0.996747196 -0.071395591 -2.123047590 -0.001725012 0.071381047 0.997447610 -0.233699888
0.999286056 0.037745561 -0.001575514 -0.076899551 -0.037759636 0.996604443 -0.073170833 -2.181323767 -0.001191712 0.073178083 0.997318149 -0.246120602
0.999295175 0.037506007 -0.001581471 -0.106857337 -0.037521571 0.996639967 -0.072806388 -2.389515877 -0.001154516 0.072814420 0.997344851 -0.312090933
0.999427259 0.033834316 -0.000584867 -0.127136961 -0.033786729 0.996759892 -0.072994642 -2.536580563 -0.001886748 0.072972596 0.997332156 -0.364531815
0.999255419 0.038556885 0.001467343 -0.144184634 -0.038436472 0.998025239 -0.049680986 -2.636133909 -0.003379978 0.049587585 0.998764038 -0.397609860
0.999436796 0.033101510 0.005520850 -0.173338354 -0.033269279 0.998877227 0.033725314 -2.710202217 -0.004398294 -0.033889990 0.999415874 -0.458957642
0.999747336 0.021648549 0.006071329 -0.193493485 -0.022096364 0.995933533 0.087338306 -2.852539062 -0.004155893 -0.087450385 0.996160209 -0.511452496
0.999785960 0.019214828 0.007671140 -0.224146873 -0.019937979 0.993820965 0.109189682 -2.948616743 -0.005525678 -0.109319247 0.993991315 -0.568613887
0.999769032 0.019863103 0.008205596 -0.240985140 -0.020723933 0.992149770 0.123326898 -2.999351978 -0.005691525 -0.123468474 0.992332220 -0.604603827
0.999719262 0.021591187 0.009759884 -0.264295161 -0.022749020 0.989819407 0.140498564 -3.049850464 -0.006626993 -0.140681133 0.990032792 -0.634303510
0.999659002 0.023671113 0.011030063 -0.291129410 -0.025201187 0.985157907 0.169790819 -3.079218388 -0.006847210 -0.170010880 0.985418379 -0.675779223
0.999647796 0.023746140 0.011854917 -0.303302109 -0.025510117 0.982921600 0.182247818 -3.084745646 -0.007324770 -0.182486057 0.983181179 -0.681571901
0.999713361 0.020875160 0.011729509 -0.311423331 -0.022800963 0.979512334 0.200088993 -3.083981991 -0.007312275 -0.200299069 0.979707539 -0.687370300
0.999893725 -0.001525215 0.014495812 -0.363378525 -0.001927019 0.971947908 0.235188082 -3.064986467 -0.014447894 -0.235191017 0.971841812 -0.703391254
0.997580111 -0.067256764 0.017618481 -0.398167402 0.059447631 0.956537306 0.285486072 -3.033864498 -0.036053605 -0.283747822 0.958220840 -0.704670787
0.992042899 -0.123914406 0.022276282 -0.435749739 0.112058297 0.949696302 0.292437971 -2.979678154 -0.057392977 -0.287614733 0.956025064 -0.700119257
0.986280560 -0.163092136 0.025530092 -0.448862135 0.149505466 0.948064923 0.280750871 -2.936040163 -0.069992468 -0.273082286 0.959441006 -0.681823254
0.981130719 -0.191468209 0.026880749 -0.463327527 0.176733017 0.944501162 0.276916981 -2.873406649 -0.078409672 -0.266941011 0.960517764 -0.643329859
0.979818940 -0.198175281 0.026105613 -0.468473911 0.183145121 0.942384124 0.279946268 -2.829416752 -0.080079921 -0.269515514 0.959660649 -0.613279700
0.980711579 -0.192671955 0.032898907 -0.474308223 0.181441069 0.959977269 0.213360518 -2.620404482 -0.072690800 -0.203275934 0.976419389 -0.562354088
0.995310366 -0.087269872 0.041728754 -0.456178635 0.085448995 0.995388329 0.043594651 -1.785751939 -0.045340814 -0.039824530 0.998177409 -0.416810721
0.999584377 0.017665535 0.022783481 0.095198549 -0.015820595 0.996767998 -0.078759797 -1.688992023 -0.024101157 0.078366607 0.996633232 -0.752196550
0.994311929 -0.088014603 0.059977647 -0.437441081 0.078011967 0.985221982 0.152485207 -2.422105312 -0.072512209 -0.146938860 0.986484110 -0.356519997
0.968779862 -0.241753206 0.054963678 -0.887961566 0.205947787 0.908158839 0.364462763 -3.236367226 -0.138025776 -0.341764510 0.929594338 -0.226668954
0.993194461 -0.089269564 0.074803546 -0.347107440 0.079523295 0.989035189 0.124441102 -2.263584852 -0.085092127 -0.117645591 0.989403248 -0.214176387
0.992721379 -0.091642767 0.078140937 -0.385629952 0.081671223 0.989109278 0.122444615 -2.263333082 -0.088511087 -0.115171507 0.989394426 -0.174033821
0.991355419 -0.099260829 0.085800029 -0.332756311 0.087982796 0.988057911 0.126494095 -2.107770681 -0.097331315 -0.117851675 0.988249779 -0.012822360
0.991239488 -0.098078206 0.088458613 -0.285025507 0.087099299 0.988894045 0.120425738 -2.000667810 -0.099287324 -0.111666068 0.988773346 0.091735557
0.991511345 -0.092474081 0.091397710 -0.242761835 0.081738167 0.990003765 0.114941262 -1.913476110 -0.101113170 -0.106494896 0.989158750 0.197333843
0.991550326 -0.090865605 0.092582375 -0.193512648 0.080746561 0.990895569 0.107731573 -1.834336281 -0.101528555 -0.099345565 0.989859819 0.301235676
0.992638707 -0.078324839 0.092376903 -0.135986552 0.069881864 0.993364811 0.091339968 -1.757926941 -0.098918140 -0.084212109 0.991525888 0.427350342
0.994567156 -0.052209489 0.090057179 -0.075786784 0.045608073 0.996224821 0.073865250 -1.685846329 -0.093573667 -0.069356620 0.993193626 0.563010693
0.995098472 -0.043810777 0.088653848 -0.057478841 0.037822686 0.996959090 0.068133131 -1.665571809 -0.091369219 -0.064446047 0.993729532 0.604291141
0.997023582 -0.011743087 0.076197796 0.018786825 0.008308807 0.998942077 0.045232147 -1.600863814 -0.076648340 -0.044464409 0.996066153 0.756374419
0.997999191 0.002185265 0.063188821 0.076920927 -0.004516594 0.999313474 0.036775433 -1.549849749 -0.063065074 -0.036987253 0.997323811 0.887761772
0.998806179 0.013973588 0.046808284 0.148203120 -0.015409982 0.999417007 0.030467764 -1.520730615 -0.046355247 -0.031152710 0.998439074 1.007106543
0.999058604 0.020492038 0.038233928 0.181453079 -0.021702854 0.999267280 0.031526979 -1.498618603 -0.037559859 -0.032327082 0.998771369 1.073259711
0.999174356 0.034430936 0.021563547 0.241163909 -0.035257611 0.998608947 0.039207675 -1.474665165 -0.020183591 -0.039935581 0.998998404 1.204216957
0.998785436 0.049115866 0.003893720 0.302787960 -0.049226701 0.998098671 0.037092727 -1.461227179 -0.002064479 -0.037239358 0.999304295 1.336605191
0.998135746 0.059292171 -0.014472788 0.356057584 -0.058578879 0.997243643 0.045538608 -1.439228415 0.017132975 -0.044605911 0.998857737 1.483101845
0.997716546 0.063163228 -0.023916014 0.385602683 -0.061921809 0.996852458 0.049506892 -1.425564051 0.026967753 -0.047912925 0.998487413 1.569460511
0.996787310 0.071262188 -0.036561683 0.419385821 -0.069305606 0.996226370 0.052249126 -1.421352625 0.040147092 -0.049547337 0.997964501 1.667579174
0.995033443 0.084139489 -0.053186610 0.466075212 -0.081315123 0.995267212 0.053208962 -1.421718001 0.057411864 -0.048619829 0.997165978 1.807267666
0.992290020 0.101897746 -0.070550203 0.498753011 -0.098059431 0.993609726 0.055892017 -1.423256159 0.075794637 -0.048542976 0.995941103 1.959124565
0.989205480 0.117814265 -0.087133825 0.527037263 -0.112025470 0.991334856 0.068597645 -1.443552017 0.094460554 -0.058095966 0.993831933 2.101778269
0.986409247 0.131075189 -0.099077195 0.539378643 -0.123265043 0.989042699 0.081241533 -1.470189095 0.108640343 -0.067924634 0.991757810 2.204584122
0.984553456 0.137443870 -0.108460210 0.560193479 -0.128487021 0.988003314 0.085677817 -1.475826025 0.118934922 -0.070418663 0.990401804 2.298204899
0.979977250 0.154114798 -0.126068339 0.573672533 -0.143059567 0.985378265 0.092539035 -1.511706948 0.138486654 -0.072650865 0.987695932 2.455392838
0.975436628 0.168564007 -0.141807631 0.580526710 -0.154285118 0.982285082 0.106359087 -1.544423580 0.157223836 -0.081867740 0.984163761 2.603199482
0.969893634 0.187283978 -0.155664057 0.553830862 -0.167430431 0.976976931 0.132223383 -1.578585148 0.176843524 -0.102179676 0.978920758 2.784461737
0.964284480 0.200286776 -0.173322365 0.537176669 -0.177422553 0.974300385 0.138779894 -1.618949175 0.196663812 -0.103072010 0.975038230 2.933791399
0.962842703 0.203500122 -0.177542895 0.524949431 -0.179979444 0.973662853 0.139958277 -1.633871198 0.201348424 -0.102803759 0.974109888 2.973707914
0.958409131 0.214036003 -0.188787282 0.494407356 -0.188171223 0.971244991 0.145859331 -1.670035601 0.214577824 -0.104268551 0.971125364 3.116734982
0.951726556 0.229589909 -0.203727916 0.438585043 -0.200147808 0.967395604 0.155198574 -1.695019722 0.232717529 -0.106930912 0.966647923 3.295891762
0.944406390 0.244641796 -0.219651967 0.373427629 -0.211936116 0.963737547 0.162150562 -1.733423710 0.251355648 -0.106583834 0.962008417 3.449878454
0.940879464 0.250517726 -0.228005782 0.334944427 -0.216132268 0.962255776 0.165380552 -1.745145679 0.260830611 -0.106323741 0.959511638 3.549456596
0.936929107 0.257520407 -0.236319542 0.278717637 -0.220963284 0.960283220 0.170386091 -1.775443792 0.270811558 -0.107421763 0.956619859 3.645513058
0.931423366 0.265067399 -0.249378592 0.211936653 -0.225843742 0.958303332 0.175070226 -1.804994226 0.285385668 -0.106743909 0.952449858 3.774451494
0.928964794 0.259981483 -0.263503671 0.142281234 -0.217526257 0.959374189 0.179676205 -1.827244282 0.299511045 -0.109593898 0.947777569 3.923249245
0.928498328 0.239115864 -0.284102798 0.003239989 -0.195768565 0.965329587 0.172665820 -1.865617752 0.315540045 -0.104701534 0.943118274 4.131612778
0.935171604 0.190538198 -0.298579007 -0.115683913 -0.144978791 0.975043654 0.168139920 -1.906302929 0.323164612 -0.113952033 0.939457059 4.298439503
0.936654091 0.175242290 -0.303264201 -0.134407640 -0.128514647 0.977397263 0.167865291 -1.920811415 0.325826645 -0.118257821 0.938004375 4.333689690
0.938356102 0.131976634 -0.319483846 -0.244373441 -0.081427738 0.982630134 0.166756421 -1.956022739 0.335942388 -0.130462036 0.932803512 4.509313583
0.937178493 0.116783567 -0.328721911 -0.366818428 -0.063964419 0.983851433 0.167167440 -1.975430250 0.342935950 -0.135639220 0.929514408 4.669474602
0.935961664 0.098505229 -0.338042349 -0.515384793 -0.043505147 0.985065818 0.166591525 -2.008318663 0.349404067 -0.141216695 0.926269293 4.878026009
0.929550648 0.120666891 -0.348389268 -0.641237617 -0.079509430 0.988299608 0.130161881 -2.015267134 0.360019207 -0.093291804 0.928268731 5.106811523
0.924178302 0.149193153 -0.351619124 -0.739366174 -0.116193041 0.986745238 0.113283224 -2.033152342 0.363859534 -0.063838206 0.929263651 5.198591232
0.923270822 0.147835717 -0.354564160 -0.888647974 -0.116155289 0.987214804 0.109156042 -2.061791658 0.366168082 -0.059596069 0.928638399 5.421271324
0.928335071 0.113375276 -0.354034305 -1.057719827 -0.082023256 0.991356730 0.102392018 -2.097229004 0.362583011 -0.066015042 0.929610431 5.623727322
0.928871214 0.104648702 -0.355312645 -1.147358656 -0.076524951 0.992782056 0.092345484 -2.112961054 0.362411827 -0.058586784 0.930174828 5.738775253
0.928984106 0.103006743 -0.355497122 -1.334835052 -0.083620861 0.994069874 0.069517985 -2.122606754 0.360549778 -0.034854129 0.932088554 5.928752899
0.928392410 0.097976394 -0.358452618 -1.507324934 -0.085636966 0.995061874 0.050182063 -2.138098478 0.361599207 -0.015891841 0.932198226 6.155869007
0.928974450 0.089775063 -0.359091759 -1.697397470 -0.083522901 0.995961905 0.032921664 -2.131336451 0.360597223 -0.000591002 0.932721436 6.361681938
0.930835068 0.054768197 -0.361312151 -1.838569164 -0.061122451 0.998111248 -0.006172404 -2.135575056 0.360291600 0.027829781 0.932424426 6.515809059
0.931109250 0.021053284 -0.364132226 -1.923608780 -0.037801761 0.998526752 -0.038928986 -2.155996323 0.362776160 0.050011978 0.930533230 6.602371216
0.929655552 -0.021498147 -0.367802054 -2.087278366 -0.011479288 0.996121287 -0.087238677 -2.157115698 0.368250877 0.085324027 0.925802946 6.779720783
0.928531468 -0.035963465 -0.369507611 -2.281141281 -0.000775024 0.995107114 -0.098799407 -2.147612572 0.371252835 0.092024744 0.923960328 6.998416901
0.928661406 -0.039982181 -0.368767262 -2.351301193 0.002458304 0.994815350 -0.101668350 -2.135200977 0.370920241 0.093508914 0.923944890 7.033603191
0.924660027 -0.088939488 -0.370261401 -2.517247438 0.047988959 0.991806269 -0.118395403 -2.163530827 0.377757639 0.091707036 0.921351731 7.208770752
0.918476760 -0.139066607 -0.370217234 -2.641118288 0.094863378 0.986276031 -0.135132074 -2.135350227 0.383928776 0.088995613 0.919063866 7.354674816
0.916906774 -0.151832163 -0.369091988 -2.720174313 0.106115028 0.984265864 -0.141280890 -2.108664513 0.384735584 0.090375200 0.918591738 7.428602695
0.914769351 -0.164828122 -0.368820816 -2.878301382 0.117397867 0.982039630 -0.147702575 -2.118487597 0.386542112 0.091814965 0.917690098 7.573396206
0.913294494 -0.169797450 -0.370218754 -2.969012737 0.123663433 0.981649756 -0.145158827 -2.125496387 0.388072729 0.086790249 0.917533100 7.666998386
0.911714554 -0.177369729 -0.370562494 -3.010930300 0.129545063 0.980101168 -0.150398806 -2.118164539 0.389864862 0.089116268 0.916549861 7.733675957
0.910578907 -0.181051388 -0.371572852 -3.076272488 0.131499201 0.979148328 -0.154843837 -2.109283447 0.391859621 0.092136011 0.915399909 7.832001686
0.918447137 -0.109877616 -0.379976034 -3.186552763 0.066531934 0.989869773 -0.125424922 -2.099361897 0.389908165 0.089915603 0.916453302 7.961654663
0.920449257 -0.078141525 -0.382971197 -3.244216681 0.037875794 0.993032753 -0.111586370 -2.079405308 0.389022440 0.088204280 0.916995943 8.021496773
0.917568982 -0.087739244 -0.387774378 -3.346023560 0.041718811 0.991208851 -0.125557601 -2.035301208 0.395381719 0.099030271 0.913162827 8.138441086
0.916299820 -0.098526657 -0.388184279 -3.372289181 0.049353816 0.989657819 -0.134690613 -2.020732641 0.397440225 0.104258597 0.911686003 8.188496590
0.916727006 -0.103713952 -0.385817289 -3.448437214 0.051412202 0.988311768 -0.143515527 -1.994980335 0.396192253 0.111728854 0.911344230 8.296084404
0.917941749 -0.103648335 -0.382935762 -3.497121811 0.051450901 0.988218188 -0.144144893 -1.982080102 0.393364459 0.112614237 0.912459493 8.347879410
0.919642031 -0.109650359 -0.377141148 -3.558329582 0.057674468 0.987531066 -0.146479085 -1.959180713 0.388500035 0.112956904 0.914498925 8.426531792
0.920542538 -0.117251247 -0.372630775 -3.590900421 0.065215573 0.986632288 -0.149344027 -1.952204704 0.385160357 0.113176197 0.915883482 8.485210419
0.922337890 -0.128486767 -0.364395171 -3.633881092 0.074154496 0.984422803 -0.159414336 -1.921522498 0.379201531 0.120012350 0.917498350 8.558410645
0.924842834 -0.131890014 -0.356749892 -3.662652731 0.078774966 0.984037042 -0.159580067 -1.911973715 0.372102082 0.119483545 0.920469284 8.608326912
0.926227272 -0.130491942 -0.353659183 -3.685299873 0.077215604 0.983956933 -0.160830706 -1.897003293 0.368972480 0.121657804 0.921443820 8.623709679
0.931527257 -0.124963127 -0.341527611 -3.725575924 0.071845807 0.983837306 -0.164019138 -1.880241275 0.356503904 0.128250986 0.925449431 8.678232193
0.935152173 -0.121297382 -0.332832366 -3.748634100 0.073604092 0.985577404 -0.152379856 -1.863926411 0.346515328 0.118000522 0.930592895 8.705621719
0.936816037 -0.116262019 -0.329937458 -3.750741482 0.070739307 0.986632109 -0.146810025 -1.865355253 0.342595249 0.114194453 0.932517111 8.717420578
0.946927726 -0.089708194 -0.308674991 -3.777232170 0.050870784 0.989989281 -0.131656885 -1.851915121 0.317395598 0.108967029 0.942011774 8.743974686
0.951478541 -0.081551358 -0.296711981 -3.774516344 0.045353681 0.990877450 -0.126905411 -1.833061695 0.304354489 0.107290819 0.946497262 8.755799294
0.960083961 -0.071793199 -0.270341188 -3.793992758 0.039660595 0.991675198 -0.122504592 -1.816446304 0.276885629 0.106892832 0.954938769 8.778040886
0.966151774 -0.066524379 -0.249249533 -3.794809818 0.037288256 0.992044687 -0.120237142 -1.804334879 0.255265385 0.106873251 0.960946262 8.785710335
0.972858429 -0.067871287 -0.221224040 -3.795324564 0.040291116 0.991099000 -0.126883179 -1.801862478 0.227866620 0.114525996 0.966933608 8.792239189
0.976404786 -0.065752260 -0.205694839 -3.801471710 0.040118311 0.991167784 -0.126399904 -1.791517735 0.212189168 0.115165345 0.970418870 8.798465729
0.981224418 -0.069400057 -0.179950282 -3.786778450 0.048599642 0.991879642 -0.117528811 -1.783335686 0.186645493 0.106576644 0.976629257 8.802771568
0.985421658 -0.075067520 -0.152673066 -3.764222383 0.057355594 0.991441309 -0.117280670 -1.782764077 0.160170317 0.106814258 0.981293142 8.787517548
0.988674998 -0.075806156 -0.129519224 -3.759568930 0.060024321 0.990752220 -0.121685252 -1.789969683 0.137545913 0.112532884 0.984081984 8.772200584
0.991159797 -0.079003975 -0.106586315 -3.725275755 0.065736011 0.990262449 -0.122715369 -1.782930613 0.115243420 0.114624009 0.986701667 8.747912407
0.991976738 -0.080750175 -0.097271040 -3.695603132 0.068589568 0.990100920 -0.122457549 -1.784425259 0.106196597 0.114803262 0.987695515 8.738273621
0.993411481 -0.080652885 -0.081416890 -3.677278996 0.070282802 0.989907444 -0.123059720 -1.784606934 0.090520307 0.116526723 0.989053845 8.711607933
0.994988501 -0.078031763 -0.062521212 -3.651880980 0.069708131 0.989609540 -0.125752568 -1.792245746 0.071684271 0.120764114 0.990089595 8.673462868
0.995983779 -0.071425103 -0.053986695 -3.609543324 0.064283013 0.990186274 -0.124092206 -1.800747275 0.062320188 0.120123364 0.990800917 8.622843742
0.996440351 -0.066568278 -0.051722128 -3.575182915 0.059680425 0.990374207 -0.124889001 -1.808080673 0.059537902 0.121357650 0.990821660 8.578612328
0.996524692 -0.063745402 -0.053619202 -3.529334307 0.056814022 0.990888000 -0.122120082 -1.825084925 0.060915217 0.118649356 0.991065919 8.530640602
0.996322691 -0.065263748 -0.055513714 -3.507570267 0.058218457 0.991037428 -0.120230652 -1.835818887 0.062862873 0.116556607 0.991192639 8.492255211
0.994913340 -0.079073265 -0.062407412 -3.443101406 0.070936650 0.989833534 -0.123279266 -1.850240946 0.071521044 0.118225247 0.990407705 8.400517464
0.994844258 -0.077094957 -0.065888718 -3.410597086 0.068392068 0.989741921 -0.125433415 -1.853100300 0.074883111 0.120280422 0.989911675 8.366396904
0.994894505 -0.072440676 -0.070264928 -3.367077827 0.063361615 0.990282536 -0.123797290 -1.869991064 0.078550085 0.118713193 0.989816546 8.297269821
0.995206416 -0.064147688 -0.073819473 -3.318523169 0.055194762 0.991536617 -0.117510878 -1.877753854 0.080732755 0.112873130 0.990324080 8.208274841
0.995790899 -0.047295988 -0.078507334 -3.235527992 0.040227659 0.995192647 -0.089294404 -1.896054268 0.082353190 0.085760392 0.992906332 8.112191200
0.996223807 -0.031542432 -0.080889583 -3.172522306 0.025542026 0.996918440 -0.074170962 -1.927530289 0.082979843 0.071824819 0.993959486 8.025644302
0.996340513 -0.023044474 -0.082307719 -3.098044157 0.016951764 0.997116446 -0.073969930 -1.932808876 0.083774962 0.072303981 0.993858039 7.932663918
0.996399164 -0.014853761 -0.083474621 -3.037507296 0.009414230 0.997828901 -0.065183625 -1.945741415 0.084261611 0.064163089 0.994375706 7.861771584
0.996464550 -0.000691151 -0.084011540 -2.971894503 -0.003792096 0.998577058 -0.053193361 -1.964279056 0.083928764 0.053323880 0.995043933 7.768685818
0.996430039 0.002040364 -0.084398344 -2.910558701 -0.007900285 0.997574627 -0.069156185 -1.983164310 0.084052533 0.069576055 0.994029343 7.682627201
0.996431470 -0.004610030 -0.084279731 -2.848522425 -0.002334746 0.996619940 -0.082117751 -2.000462532 0.084373429 0.082021505 0.993052661 7.569851398
0.996434033 -0.000650369 -0.084372014 -2.792516470 -0.005785055 0.997090459 -0.076007470 -2.012475967 0.084175959 0.076224566 0.993531108 7.481201649
0.996429920 0.009058323 -0.083936706 -2.737863779 -0.014640059 0.997704089 -0.066124454 -2.025143623 0.083145007 0.067117259 0.994274557 7.395955563
0.996292114 0.020908583 -0.083454475 -2.677642345 -0.025825363 0.997966290 -0.058277741 -2.037938595 0.082066253 0.060216889 0.994805992 7.293870449
0.996187329 0.029585712 -0.082069620 -2.629628181 -0.034023065 0.998003721 -0.053207234 -2.048827648 0.080331609 0.055796623 0.995205283 7.198594093
0.995883346 0.039206363 -0.081727341 -2.551590681 -0.042886995 0.998120368 -0.043776840 -2.071956158 0.079857394 0.047101691 0.995692790 7.066992760
0.995340466 0.052322585 -0.080992319 -2.490070343 -0.054994050 0.998001933 -0.031111076 -2.086337805 0.079202682 0.035420209 0.996229053 6.945716858
0.995030463 0.059285522 -0.079996511 -2.471250057 -0.061366443 0.997831404 -0.023807675 -2.099413395 0.078411557 0.028598472 0.996510744 6.898118973
0.993902087 0.078285947 -0.077652425 -2.413378239 -0.078250110 0.996927559 0.003509030 -2.115311623 0.077688523 0.002588689 0.996974289 6.769528866
0.993090689 0.089612849 -0.075764954 -2.366610765 -0.087769136 0.995765984 0.027330622 -2.131618261 0.077893324 -0.020491958 0.996751070 6.639801502
0.993017912 0.091656327 -0.074260943 -2.351032972 -0.089080781 0.995326221 0.037289437 -2.136897802 0.077331662 -0.030413853 0.996541440 6.580282688
0.993323147 0.090497509 -0.071549520 -2.315770149 -0.086749427 0.994772732 0.053868022 -2.140802383 0.076050431 -0.047301471 0.995981395 6.475825787
0.994089723 0.082864679 -0.070138142 -2.270967960 -0.078109421 0.994621277 0.068025857 -2.158121586 0.075397834 -0.062145345 0.995215178 6.358947277
0.994331360 0.080996066 -0.068882160 -2.256999969 -0.075862259 0.994358182 0.074139677 -2.157197952 0.074498564 -0.068493836 0.994866073 6.305775642
0.994206905 0.083758913 -0.067358278 -2.221005201 -0.077386454 0.992727220 0.092217617 -2.156340361 0.074592441 -0.086470768 0.993457973 6.180757999
0.994216800 0.084022537 -0.066881403 -2.203893900 -0.076980792 0.991833746 0.101684295 -2.165276527 0.074879006 -0.095947653 0.992565930 6.119903564
0.994864464 0.076042578 -0.066800669 -2.173518419 -0.068084538 0.991115987 0.114252239 -2.166254997 0.074895233 -0.109117381 0.991203368 6.006277561
0.994904697 0.076282285 -0.065922081 -2.155705214 -0.067601971 0.989833713 0.125136524 -2.167728424 0.074797601 -0.120042436 0.989947021 5.924488544
0.994719863 0.078369379 -0.066262752 -2.144142151 -0.069790922 0.989934921 0.123118557 -2.164042473 0.075244531 -0.117843926 0.990177274 5.843058109
0.994750261 0.077811755 -0.066463254 -2.136852264 -0.069670841 0.990676343 0.117074758 -2.155920506 0.074953362 -0.111829579 0.990896642 5.778218269
0.994648039 0.079849347 -0.065569460 -2.139784098 -0.071582712 0.990193009 0.119974241 -2.148588657 0.074506268 -0.114638507 0.990609288 5.738541603
0.994623542 0.081052870 -0.064454682 -2.139827728 -0.072212689 0.988971472 0.129308447 -2.137924910 0.074224658 -0.123958781 0.989507437 5.691951275
0.994610071 0.082200900 -0.063196287 -2.142099380 -0.073011868 0.988009930 0.136035919 -2.120765448 0.073620826 -0.130688608 0.988686264 5.636186123
0.993984818 0.090422735 -0.061790116 -2.152120352 -0.081268080 0.987187386 0.137319088 -2.095025539 0.073415190 -0.131471500 0.988597810 5.595976830
0.993586302 0.095017999 -0.061301842 -2.161242008 -0.085806347 0.986634314 0.138527915 -2.082225800 0.073645145 -0.132379323 0.988459468 5.559369564
0.993994653 0.090510957 -0.061501347 -2.168289423 -0.081231356 0.986882925 0.139512122 -2.071132183 0.073321998 -0.133678466 0.988308609 5.542913437
0.995898306 0.065572783 -0.062344432 -2.192190170 -0.057230305 0.990213752 0.127284825 -2.049223900 0.070080727 -0.123194754 0.989904940 5.511528015
0.997076511 0.042760964 -0.063324779 -2.220669270 -0.035650868 0.993354142 0.109437995 -2.040602922 0.067583591 -0.106860459 0.991974533 5.477137566
